ACC,Loss,LossPrivileged,LossUnprivileged,BalancedACC,drift-id,gm-id,gm-name
0.8833333333333333,0.2988865,0.2655208,0.6230102,0.8360655737704917,0,0,0
0.8716666666666667,0.34235075,0.2638947,1.1356289,0.6589726182394207,1,0,0
0.865,0.30042893,0.23719937,0.8912981,0.6757623254488458,1,0,0
0.88,0.28869227,0.2792202,0.40014052,0.9124620060790274,1,1,1
0.8833333333333333,0.27147084,0.25853002,0.40231702,0.9609733700642792,1,1,1
0.885,0.28775635,0.26102468,0.54241085,0.8394089732528042,1,1,1
0.87,0.28780302,0.2643852,0.49856347,0.8697478991596639,1,1,1
0.8666666666666667,0.3307465,0.2739519,0.8717902,0.7724039829302988,0,1,1
0.895,0.2622222,0.23930109,0.48057562,0.8292137225655232,0,3,0-1
