ACC,Loss,LossPrivileged,LossUnprivileged,BalancedACC,drift-id,gm-id,gm-name
0.8766666666666667,0.29875317,0.2793575,0.49094683,0.8821757952192736,0,0,0
0.8866666666666667,0.2707504,0.24380687,0.5671293,0.8701825557809331,0,0,0
0.8566666666666667,0.3331952,0.30560705,0.6239321,0.793691663984551,0,0,0
0.895,0.25873947,0.2500481,0.35229963,0.9607445412241976,0,0,0
0.885,0.29888064,0.23688522,0.9662429,0.7133238837703757,2,0,0
0.8633333333333333,0.3343746,0.26302922,0.9534683,0.6869623655913979,2,0,0
0.8833333333333333,0.2924563,0.25261062,0.72138333,0.7611408199643493,2,0,0
0.8683333333333333,0.31173897,0.2899109,0.5196802,0.9005970809376382,0,0,0
0.8833333333333333,0.27527806,0.24579245,0.5617096,0.8144902132632194,0,0,0
